-0.101314
0.101435
0.045395
-0.012566
-0.061609
-0.038960
-0.016267
-0.072307
0.179693
-0.117886
0.270741
0.037766
-0.245322
-0.124431
0.038781
0.129387
-0.172572
-0.052924
-0.028774
-0.047692
0.121056
-0.006227
0.016794
-0.007108
-0.135801
-0.349552
-0.093090
-0.068231
0.080895
-0.066191
-0.030839
-0.027792
-0.161425
-0.049987
0.028807
0.013274
0.044828
-0.024231
0.154073
0.013728
-0.150719
0.003955
-0.008645
0.188403
0.110076
0.050286
0.058468
-0.118584
0.042908
-0.227226
0.074730
0.158773
0.042202
0.029138
0.044337
-0.169541
-0.001483
0.028541
-0.261816
0.088350
0.102344
-0.046032
-0.063845
0.014796
0.152962
0.100958
-0.120526
-0.154999
0.175293
-0.171156
0.023435
0.001766
-0.104032
-0.229509
-0.260549
0.065476
0.429348
0.204316
-0.158006
0.043840
-0.182198
-0.039719
0.083378
0.032565
-0.005912
-0.018297
-0.068893
0.092028
0.141912
-0.026709
-0.006682
0.277174
0.025101
0.028811
0.011349
0.048720
-0.084765
-0.017418
-0.059212
-0.001329
0.029103
-0.161264
0.069998
0.100771
-0.221344
0.137461
0.013945
-0.048911
0.029284
0.089627
-0.135817
-0.081007
0.107049
-0.254496
0.276772
0.235862
0.079884
0.177255
0.042116
0.107401
0.050387
-0.070315
-0.073917
-0.087652
-0.083792
-0.025402
0.034758
0.038288
-0.240849
0.097229
0.030474
-0.047880
-0.076870
-0.029768
-0.033122
-0.058550
0.189110
-0.088753
0.125053
-0.022002
-0.209996
-0.045604
0.013109
0.121440
-0.174346
-0.165326
-0.045395
-0.133360
0.067440
0.011195
0.005163
0.085684
-0.213494
-0.262716
-0.029466
-0.108917
-0.037986
-0.117761
0.025517
0.038313
-0.180586
-0.043583
-0.011993
0.122576
0.007049
0.024213
0.175019
0.010875
-0.172854
0.034499
0.074487
0.329305
0.210243
0.107225
-0.072722
-0.080773
0.180009
-0.287359
0.079200
0.168211
-0.010050
0.028974
0.122670
-0.143414
0.028638
0.108244
-0.173098
0.078454
0.034234
-0.040699
0.009011
-0.036466
0.248741
0.095172
-0.093925
-0.049253
0.179062
-0.067991
-0.054619
0.101802
-0.114389
-0.197667
-0.231944
0.095818
0.429977
0.096899
-0.135594
0.052358
-0.059037
-0.045139
0.101561
0.065522
-0.070433
-0.096360
-0.082028
0.069641
0.220634
0.040428
-0.017582
0.205176
0.055365
-0.027435
0.028432
0.073181
-0.155506
0.010209
-0.207141
-0.102404
0.102784
-0.035495
-0.002440
0.117422
-0.196236
0.118074
0.047556
-0.052273
-0.060150
0.041656
-0.095341
0.010918
0.098251
-0.234976
0.236345
0.150821
0.037100
0.144002
0.043709
0.024401
0.029181
0.011359
-0.099613
-0.059080
0.100049
0.009929
0.078379
0.064340
-0.042599
0.132974
-0.007977
-0.041154
-0.128772
0.015686
0.002577
-0.036116
0.136743
0.025321
0.362203
-0.042686
-0.252872
-0.051865
-0.054589
0.050931
-0.159941
-0.075808
-0.072917
-0.061411
0.097847
-0.100880
0.050442
0.071615
-0.271377
-0.230712
-0.063447
-0.111267
0.120789
-0.261086
0.008173
0.029219
-0.228768
-0.079489
-0.031821
0.046584
-0.060555
-0.090044
0.249616
0.008474
-0.099962
0.035556
-0.003096
0.320030
0.232502
0.005516
0.061258
-0.068076
0.106984
-0.260697
0.138268
0.141437
0.211184
0.079433
0.037718
-0.166972
-0.000620
0.143078
-0.164928
0.075272
0.038880
0.018949
0.025798
-0.079251
0.232592
0.057919
-0.101653
-0.085089
0.196536
-0.085439
-0.024027
0.122095
-0.112514
-0.196293
-0.245173
0.109253
0.419408
0.143039
-0.236211
0.010756
-0.139679
-0.076754
-0.042494
0.004074
-0.092441
-0.021223
-0.139687
0.092558
0.231314
-0.084136
-0.021927
0.219040
0.052027
-0.035353
0.082641
0.013147
-0.151271
0.037960
-0.075433
0.002844
0.004230
-0.152399
-0.033296
0.103180
-0.203867
0.183950
0.020040
-0.072376
-0.056745
-0.028224
-0.108195
-0.031591
0.186983
-0.363080
0.206175
0.148047
0.087870
0.128244
0.053931
0.082951
0.057521
0.029888
-0.090383
-0.048041
0.015893
-0.080829
0.040427
0.036789
-0.108332
0.064171
0.010837
-0.005348
-0.116032
-0.023650
0.028403
-0.069917
0.184922
-0.104265
0.234351
-0.075588
-0.163177
-0.086614
-0.022202
0.119600
-0.179584
-0.118581
-0.024241
-0.079063
0.048688
-0.044945
-0.023369
0.090634
-0.157964
-0.375309
-0.045187
-0.150929
0.092702
-0.114375
-0.039343
0.077800
-0.203697
-0.045602
-0.021771
0.054395
-0.011775
0.065709
0.154055
0.027179
-0.178757
0.084430
-0.050673
0.298084
0.166998
0.085588
0.036596
-0.116469
0.074897
-0.184699
0.061515
0.162143
0.092791
-0.010273
-0.042386
-0.155671
-0.048978
0.016032
-0.232993
0.127591
0.128301
-0.101947
-0.054490
-0.011093
0.245527
0.098878
-0.085613
-0.127673
0.256482
-0.177395
0.020256
0.024826
-0.111702
-0.191490
-0.247663
0.099230
0.439898
0.142504
-0.145597
0.019182
-0.171357
0.043801
0.079394
0.081933
-0.071315
-0.060175
-0.086100
0.093676
0.138736
-0.028141
-0.023775
0.172921
0.013483
0.016353
0.010409
-0.013602
-0.139776
0.020390
-0.105831
-0.029879
-0.012918
-0.077382
0.059964
0.125001
-0.171690
0.179906
-0.022461
-0.049651
0.000111
0.092615
-0.076940
-0.078350
0.127525
-0.231988
0.257481
0.181928
0.140278
0.174211
0.048453
0.074121
0.010852
-0.023365
-0.175281
-0.001114
0.020581
-0.056900
0.064164
0.034077
-0.046443
0.130266
0.029266
-0.069296
-0.083083
-0.068457
-0.020691
-0.016064
0.166872
-0.051420
0.267914
-0.019260
-0.172229
-0.053432
-0.001484
0.147907
-0.176782
-0.087499
-0.101690
-0.086515
0.051585
-0.025531
-0.010165
0.068657
-0.170383
-0.297124
0.000515
-0.104672
0.120754
-0.128438
0.056810
0.032699
-0.191099
-0.031702
0.020190
0.007097
0.028579
-0.002290
0.205365
-0.024218
-0.200041
0.083011
0.036275
0.226334
0.170943
0.093050
0.082150
-0.121959
0.158978
-0.196489
0.119551
0.075702
0.149690
0.000444
0.041971
-0.185252
0.030240
0.103539
-0.274330
0.084073
0.086106
-0.017745
-0.080790
0.035554
0.238798
0.087174
-0.119392
-0.114346
0.236684
-0.123100
-0.010666
0.098077
-0.052997
-0.122415
-0.285224
0.034652
0.417398
0.095374
-0.231474
0.025922
-0.090212
0.021441
0.065490
0.039144
-0.142884
-0.095051
-0.107307
0.051417
0.192641
0.027598
-0.055536
0.174516
0.072303
-0.013600
-0.016048
0.060455
-0.162824
-0.036453
-0.077896
-0.080561
0.093224
-0.000828
-0.029531
0.138912
-0.238915
0.225169
-0.017754
-0.026290
0.008347
0.113392
-0.013957
-0.028981
0.097025
-0.229718
0.235292
0.129758
0.066506
0.114253
0.046203
0.024993
0.044670
-0.039768
-0.170225
-0.104863
0.028406
-0.103254
0.145021
0.050290
